,0
0,425233.9039117243
1,167033.90391172428
2,514789.9039117243
3,413305.9039117243
4,371985.9039117243
5,236561.90391172428
6,409677.9039117243
7,-9.428326400690627e+18
8,222285.90391172428
9,715533.9039117242
10,106617.90391172428
11,194681.90391172428
12,259601.90391172428
13,524261.9039117243
14,170105.90391172428
15,-3.792672553164689e+19
16,280441.9039117243
17,229905.90391172428
18,493645.9039117243
19,198265.90391172428
20,200057.90391172428
21,114705.90391172428
22,179321.90391172428
23,661989.9039117242
24,500429.9039117243
25,262009.90391172428
26,298105.9039117243
27,425549.9039117243
28,224273.90391172428
29,403473.9039117243
30,634085.9039117242
31,701669.9039117242
32,675045.9039117242
33,983269.9039117242
34,175121.90391172428
35,240249.90391172428
36,-9.428326400690577e+18
37,561933.9039117242
38,567373.9039117242
39,7.747596889041745e+18
40,353657.9039117243
41,147833.90391172428
42,394361.9039117243
43,278545.9039117243
44,285773.9039117243
45,478029.9039117243
46,275021.9039117243
47,657485.9039117242
48,846309.9039117242
49,114041.90391172428
50,716365.9039117242
51,228473.90391172428
52,333177.9039117243
53,406033.9039117243
54,354277.9039117243
55,327545.9039117243
56,65913.90391172428
57,215161.90391172428
58,361805.9039117243
59,45689.90391172428
60,55929.90391172428
61,-1.3315403262945507e+19
62,-4.3193637531729625e+19
63,407629.9039117243
64,688401.9039117242
65,78097.90391172428
66,196985.90391172428
67,469989.9039117243
68,264313.9039117243
69,496401.9039117243
70,188793.90391172428
71,183825.90391172428
72,1027601.9039117242
73,375569.9039117243
74,436497.9039117243
75,359373.9039117243
76,81017.90391172428
77,-4.3193637531729674e+19
78,420941.9039117243
79,-9.428326400690729e+18
80,287290.3557631997
81,603450.3557631997
82,406842.3557631997
83,270457.9039117243
84,443725.9039117243
85,427385.9039117243
86,403985.9039117243
87,131705.90391172428
88,247313.90391172428
89,80889.90391172428
90,212601.90391172428
91,-3.0887825899174866e+18
92,615653.9039117242
93,163193.90391172428
94,546833.9039117242
95,-4.319363753172964e+19
96,104057.90391172428
97,1306445.9039117242
98,267793.9039117243
99,232465.90391172428
100,2.087046402355764e+19
101,167033.90391172428
102,261137.90391172428
103,541457.9039117242
104,111993.90391172428
105,262033.90391172428
106,249209.90391172428
107,401365.06915153505
108,340069.5039120369
109,2.4436250489624486e+19
110,115833.90391172428
111,376697.9039117243
112,142713.90391172428
113,174713.90391172428
114,-4.705265471245995e+19
115,113785.90391172428
116,312909.9039117243
117,179321.90391172428
118,330513.9039117243
119,130381.90391172428
120,349457.9039117243
121,305169.9039117243
122,26745.90391172428
123,467473.9039117243
124,436857.9039117243
125,4.314874256098959e+18
126,546381.9039117242
127,-6.713301361778691e+19
128,260113.90391172428
129,391697.9039117243
130,4.561159691963845e+19
131,211473.90391172428
132,1734221.9039117242
133,369937.9039117243
134,190522.3557631997
135,77669.50391203689
136,267776.2173003722
137,8.937077666295907e+18
138,203129.90391172428
139,929869.9039117242
140,-7.15809973396663e+18
141,347513.9039117243
142,881229.9039117242
143,406605.9039117243
144,383053.9039117243
145,80249.90391172428
146,356625.9039117243
147,370253.9039117243
148,314317.9039117243
149,449485.9039117243
150,313465.9039117243
151,374605.9039117243
152,177485.90391172428
153,77133.90391172428
154,294117.9039117243
155,232057.90391172428
156,7.431614319905167e+18
157,382585.9039117243
158,386893.9039117243
159,225613.90391172428
160,550929.9039117242
161,118885.50391203689
162,400229.5039120369
163,262245.5039120369
164,177229.90391172428
165,216953.90391172428
166,1304141.9039117242
167,322065.9039117243
168,457805.9039117243
169,558669.9039117242
170,672485.9039117242
171,146553.90391172428
172,120185.90391172428
173,513613.9039117243
174,186641.90391172428
175,1.7410996648465738e+18
176,248909.90391172428
177,224889.90391172428
178,193657.90391172428
179,478797.9039117243
180,300049.9039117243
181,519653.9039117243
182,279161.9039117243
183,195705.90391172428
184,382481.9039117243
185,-54150.09608827572
186,1070157.9039117242
187,638541.9039117242
188,67642.35576319968
189,633914.3557631997
190,255845.5039120369
191,632037.9039117242
192,76365.90391172428
193,436753.9039117243
194,419149.9039117243
195,12109.90391172428
196,375569.9039117243
197,318737.9039117243
198,1026637.9039117242
199,358009.9039117243
200,929869.9039117242
201,-1.2889391267493665e+19
202,573413.9039117242
203,51833.90391172428
204,364645.9039117243
205,505317.9039117243
206,408909.9039117243
207,426513.9039117243
208,289657.9039117243
209,323917.9039117243
210,457489.9039117243
211,188433.90391172428
212,-3.493670055809974e+19
213,-9.128142262182483e+18
214,382585.9039117243
215,478778.3557631997
216,401253.5039120369
217,212325.5039120369
